ISS (ZARYA)             
1 25544U 98067A   18281.09413571  .00001413  00000-0  28908-4 0  9990
2 25544  51.6417 176.0609 0003528 255.4354 254.5317 15.53787623136072
FLOCK 2E'-14            
1 41762U 98067KJ  18280.91522676  .00386192  70681-4  94729-3 0  9996
2 41762  51.6225 111.7798 0006660 266.5429  93.4817 15.95515556117962
FLOCK 2E'-15            
1 41764U 98067KL  18280.90657428  .00236518  31490-4  78196-3 0  9992
2 41764  51.6263 116.2532 0005091 260.4032  99.6398 15.89943995117868
TIANGONG-2              
1 41765U 16057A   18280.99192266  .00003271  00000-0  44511-4 0  9997
2 41765  42.7856  29.5451 0008375 318.3168 201.6193 15.59637809117639
FLOCK 2E'-18            
1 41769U 98067KM  18280.94788686  .00210897  00000-0  70618-3 0  9994
2 41769  51.6279 115.7838 0003828 267.1985  92.8582 15.89017149117874
BANXING-2               
1 41834U 16057H   18280.87222778  .00020073  00000-0  93638-4 0  9996
2 41834  42.7813 323.2139 0011469  43.9803 135.0623 15.82813046112426
ITF-2                   
1 41932U 98067KU  18279.58976797  .00066233  00000-0  26357-3 0  9990
2 41932  51.6276 123.2109 0003391 246.9964 113.0682 15.86010182 98383
WASEDA-SAT3             
1 41933U 98067KV  18279.05129440  .08880754  12487-4  45483-3 0  9995
2 41933  51.6134 107.1518 0008522 281.0761  78.9308 16.42208149 98545
AOBA-VELOX 3            
1 41935U 98067KX  18280.94063378  .00306246  50344-4  59895-3 0  9991
2 41935  51.6279 105.8225 0005508 268.4546  91.5833 15.99636601 98833
LEMUR-2-REDFERN-GOES    
1 42059U 98067LA  18280.96108781  .00138017  00000-0  45900-3 0  9990
2 42059  51.6317 118.0732 0004017 265.2237  94.8310 15.89354388 91061
LEMUR-2-AUSTINTACIOUS   
1 42068U 98067LD  18276.57796935  .05750731  12379-4  45595-3 0  9990
2 42068  51.6138 125.1133 0009436 273.2644 116.3545 16.39102120 90506
LEMUR-2-TRUTNAHD        
1 42069U 98067LE  18280.92528607  .00193606  25519-4  51966-3 0  9990
2 42069  51.6238 113.9615 0004503 265.6415  94.4077 15.94017741 91094
HAVELSAT                
1 42700U 98067LH  18280.87506405  .00062777  00000-0  35371-3 0  9998
2 42700  51.6289 135.6839 0001634 300.1920  59.8919 15.78578566 79779
CXBN-2                  
1 42704U 98067LM  18280.99274240  .00061302  00000-0  35329-3 0  9990
2 42704  51.6311 136.5106 0002315 217.7140 142.3698 15.78082685 79695
ICECUBE                 
1 42705U 98067LN  18276.06534946  .17607533  12691-4  36390-3 0  9998
2 42705  51.6425 140.2579 0007226 336.1768  24.0803 16.46477481 79261
PHOENIX                 
1 42706U 98067LP  18280.98492492  .00039111  00000-0  26979-3 0  9996
2 42706  51.6334 139.4872 0001417 203.5824 156.5110 15.74177760 79644
X-CUBESAT               
1 42707U 98067LQ  18280.98179581  .00074229  00000-0  39016-3 0  9993
2 42707  51.6301 134.0510 0002117 221.5370 138.5471 15.80047339 79705
QBEE50-LTU-OC           
1 42708U 98067LR  18279.68336184  .00043639  00000-0  25275-3 0  9996
2 42708  51.6308 142.7404 0001421 189.8214 170.2760 15.78117148 79438
ALTAIR PATHFINDER       
1 42711U 98067LS  18280.89948125  .00021381  00000-0  19720-3 0  9997
2 42711  51.6346 151.7300 0003155 227.8894 132.1835 15.67549883 79132
SHARC                   
1 42712U 98067LT  18280.90045426  .00042749  00000-0  35384-3 0  9997
2 42712  51.6352 152.5550 0002142 209.5210 150.5667 15.69810915 79361
ZA-AEROSAT              
1 42713U 98067LU  18280.98867355  .00039391  00000-0  28962-3 0  9992
2 42713  51.6331 143.2547 0002235 208.0254 152.0625 15.72678647 79254
CSUNSAT 1               
1 42715U 98067LW  18279.86629694  .00026768  00000-0  18959-3 0  9990
2 42715  51.6329 147.7766 0003465 214.3091 145.7684 15.73760818 79099
SPACECUBE               
1 42717U 98067LY  18280.98618621  .00062245  00000-0  35810-3 0  9990
2 42717  51.6257 136.3742 0001032 275.7778  84.3105 15.78117138 78710
HOOPOE                  
1 42718U 98067LZ  18280.98550371  .00108952  00000-0  46534-3 0  9999
2 42718  51.6258 130.3103 0002422 241.7012 118.3747 15.84348516 78796
NJUST-1                 
1 42722U 98067MB  18280.93759222  .00033383  00000-0  26109-3 0  9996
2 42722  51.6339 145.9549 0003426 288.5809  71.4816 15.71290487 78284
UNSW-ECO                
1 42723U 98067MC  18279.81672164  .00089899  00000-0  34157-3 0  9996
2 42723  51.6365 135.3718 0003224 253.8821 106.1829 15.86844268 78301
LILACSAT-1              
1 42725U 98067ME  18280.81072968  .00034430  00000-0  22318-3 0  9993
2 42725  51.6344 141.3221 0002439 273.3607  86.7114 15.75676265 78232
NSIGHT-1                
1 42726U 98067MF  18280.88381527  .00016185  00000-0  17603-3 0  9993
2 42726  51.6382 158.4797 0003901 294.1050  65.9536 15.63610900 78025
SNUSAT-1                
1 42727U 98067MG  18280.95163548  .00051150  00000-0  32997-3 0  9997
2 42727  51.6317 140.6832 0004593 248.8142 111.2367 15.75594253 78227
I-INSPIRE II            
1 42731U 98067ML  18279.75267711  .00112139  00000-0  39723-3 0  9994
2 42731  51.6318 134.0659 0005074 227.3995 132.6582 15.88169536 78097
POLYITAN-2-SAU          
1 42732U 98067MM  18279.86694681  .00040607  00000-0  22069-3 0  9992
2 42732  51.6318 140.9210 0004682 228.8672 131.1926 15.79554906 78016
SNUSAT-1B               
1 42733U 98067MN  18280.98258300  .00058141  00000-0  35360-3 0  9992
2 42733  51.6295 138.6635 0004681 238.8994 121.1547 15.76882781 78147
EXALTA-1                
1 42734U 98067MP  18280.95825821  .00207716  27091-4  64079-3 0  9994
2 42734  51.6224 126.2111 0005434 257.2838 102.7561 15.91331236 78255
BEEAGLESAT              
1 42736U 98067MR  18280.98487001  .00046764  00000-0  31870-3 0  9997
2 42736  51.6331 141.7019 0003424 281.9026  78.1589 15.74372216 78165
ASTERIA                 
1 43020U 98067NH  18280.98408691  .00019738  00000-0  22855-3 0  9996
2 43020  51.6417 166.7145 0002039 214.5865 145.4996 15.61833126 50100
DELLINGR (RBLE)         
1 43021U 98067NJ  18280.94021912  .00009478  00000-0  12578-3 0  9991
2 43021  51.6398 170.1240 0002047 203.5905 156.4994 15.58987095 50051
OSIRIS-3U               
1 43027U 98067NL  18280.92713449  .00063139  00000-0  48097-3 0  9997
2 43027  51.6360 157.2141 0003699 190.7948 169.2971 15.71631233 50108
1KUNS-PF                
1 43466U 98067NP  18280.96092644  .00016758  00000-0  22499-3 0  9998
2 43466  51.6397 174.0018 0001257 133.3641 226.7457 15.58052936 23263
UBAKUSAT                
1 43467U 98067NQ  18280.92268090  .00012105  00000-0  16874-3 0  9997
2 43467  51.6398 174.4998 0002902 172.7358 187.3676 15.57353801 23265
BATSU-CS1 (IRAZU)       
1 43468U 98067NR  18280.74205310  .00013344  00000-0  17687-3 0  9993
2 43468  51.6396 174.7909 0001361 126.1534 233.9584 15.58609191123226
SOYUZ-MS 09             
1 43493U 18051A   18279.60222338  .00001835  00000-0  35368-4 0  9997
2 43493  51.6426 183.4918 0003545 248.9792 190.2616 15.53783448 19004
PROGRESS-MS 09          
1 43537U 18058A   18279.60222338  .00001835  00000-0  35368-4 0  9993
2 43537  51.6426 183.4918 0003545 248.9792 190.2616 15.53783448 13793
CUBERRT                 
1 43546U 98067NU  18280.73344649  .00010722  00000-0  15696-3 0  9993
2 43546  51.6397 176.9751 0005072 251.1776 108.8665 15.56159387 13349
TEMPEST-D               
1 43547U 98067NV  18279.91339724  .00005671  00000-0  88814-4 0  9990
2 43547  51.6393 181.2475 0005195 250.8692 109.1737 15.55371699 12891
1998-067NW              
1 43548U 98067NW  18280.74240565  .00008853  00000-0  13239-3 0  9991
2 43548  51.6394 177.0343 0005022 260.7388  99.3035 15.55835917 13475
HALOSAT                 
1 43549U 98067NX  18280.99970023  .00013409  00000-0  19685-3 0  9992
2 43549  51.6395 175.7532 0005055 263.9124  96.1292 15.55829789 13077
1998-067NY              
1 43550U 98067NY  18280.97910745  .00019685  00000-0  27778-3 0  9991
2 43550  51.6388 175.6145 0003688 277.9582  82.0991 15.56579950 13537
ENDUROSAT ONE           
1 43551U 98067NZ  18280.98047802  .00014530  00000-0  20903-3 0  9995
2 43551  51.6390 175.6247 0005417 271.5779  88.4592 15.56303735 13481
EQUISAT                 
1 43552U 98067PA  18280.72754742  .00009102  00000-0  13456-3 0  9990
2 43552  51.6394 176.9365 0005699 271.6919  88.3420 15.56108486 13407
1998-067PB              
1 43553U 98067PB  18280.66758901  .00007541  00000-0  11347-3 0  9997
2 43553  51.6400 177.2882 0005904 273.0664  86.9652 15.55916035 13447
1998-067PC              
1 43554U 98067PC  18280.72102133  .00010405  00000-0  15143-3 0  9996
2 43554  51.6392 176.8932 0005524 271.4562  88.5797 15.56355298 12981
AEROCUBE 12A            
1 43556U 18046C   18280.80828739  .00000853  00000-0  43725-4 0  9997
2 43556  51.6430 193.7289 0007880 241.9180 118.1003 15.27879492 12732
AEROCUBE 12B            
1 43557U 18046D   18279.95845660  .00000618  00000-0  35257-4 0  9994
2 43557  51.6432 197.8052 0007933 238.6915 121.3288 15.27848740 12559
LEMUR-2-VU              
1 43558U 18046E   18280.99639183  .00003359  00000-0  13347-3 0  9992
2 43558  51.6413 192.7377 0007172 243.8931 116.1311 15.28101273 12759
LEMUR-2-ALEXANDER       
1 43559U 18046F   18280.73451094  .00002592  00000-0  10591-3 0  9994
2 43559  51.6413 193.9892 0007178 242.8100 117.2148 15.28105217 12491
LEMUR-2-TOMHENDERSON    
1 43560U 18046G   18280.99786409  .00003427  00000-0  13603-3 0  9990
2 43560  51.6414 192.7453 0007589 259.6476 100.3648 15.28076417 12758
LEMUR-2-YUASA           
1 43561U 18046H   18280.80151285  .00002781  00000-0  11279-3 0  9998
2 43561  51.6414 193.6845 0007593 258.7948 101.2178 15.28080030 12285
SIRIUSSAT 1             
1 43595U 98067PG  18280.96993939  .00012610  00000-0  18916-3 0  9990
2 43595  51.6393 176.2983 0003197 221.5300 138.5449 15.55307898  8287
SIRIUSSAT 2             
1 43596U 98067PH  18280.97465876  .00012475  00000-0  18818-3 0  9996
2 43596  51.6402 176.3353 0003774 227.9484 132.1186 15.55163367  8284
1998-067PJ              
1 43597U 98067PJ  18280.97187809  .00015180  00000-0  22598-3 0  9990
2 43597  51.6383 176.3071 0003021 239.7078 120.3614 15.55334966  8285
1998-067PK              
1 43598U 98067PK  18280.97330324  .00014851  00000-0  22147-3 0  9997
2 43598  51.6385 176.3179 0003296 238.2822 121.7848 15.55306355  8287
HTV-7 (KOUNOTORI 7)     
1 43630U 18073A   18279.60222338  .00001835  00000-0  35368-4 0  9994
2 43630  51.6426 183.4918 0003545 248.9792 190.2616 15.53783448  2166
1998-067PN              
1 43638U 98067PN  18280.93810304 -.00000471  00000-0  13230-6 0  9999
2 43638  51.6390 176.8356 0002221 214.8885 145.1957 15.54382569   199
1998-067PP              
1 43639U 98067PP  18280.87374101 -.00000021  00000-0  68962-5 0  9995
2 43639  51.6390 177.1559 0004616 226.1184 133.9422 15.54456701   199
1998-067PQ              
1 43640U 98067PQ  18280.87369955 -.00000368  00000-0  17325-5 0  9999
2 43640  51.6381 177.1582 0005058 223.1834 136.8734 15.54494726   194
